<?xml version="1.0"?>
<opencv_storage>
<distortion_avg type_id="opencv-matrix">
  <rows>1</rows>
  <cols>5</cols>
  <dt>d</dt>
  <data>
    2.2841866505550934e-01 -1.3256324399342636e+00
    1.6767104753042054e-03 1.2513630618314357e-03 1.7093795457687317e+00</data></distortion_avg>
</opencv_storage>
