<?xml version="1.0"?>
<opencv_storage>
<distortion_avg type_id="opencv-matrix">
  <rows>1</rows>
  <cols>5</cols>
  <dt>d</dt>
  <data>
    1.4941848952518888e-01 -9.5686582320867508e-01
    -1.0980496299719830e-03 -3.8212348284393264e-03
    1.3263979926367582e+00</data></distortion_avg>
</opencv_storage>
