<?xml version="1.0"?>
<opencv_storage>
<distortion_avg type_id="opencv-matrix">
  <rows>1</rows>
  <cols>5</cols>
  <dt>d</dt>
  <data>
    1.3378313195964162e-01 -7.5531627118996525e-01
    1.8862378992828674e-03 1.1956155008201296e-03 1.0105443703225048e+00</data></distortion_avg>
</opencv_storage>
