<?xml version="1.0"?>
<opencv_storage>
<intrinsics_std type_id="opencv-matrix">
  <rows>3</rows>
  <cols>3</cols>
  <dt>d</dt>
  <data>
    3.5214501559485939e+01 0. 4.1311134104568055e+00 0.
    4.2916938626257320e+01 2.8110930801971790e+01 0. 0. 0.</data></intrinsics_std>
</opencv_storage>
