<?xml version="1.0"?>
<opencv_storage>
<intrinsics_std type_id="opencv-matrix">
  <rows>3</rows>
  <cols>3</cols>
  <dt>d</dt>
  <data>
    6.1851821691029173e+01 0. 1.1546246211628519e+01 0.
    6.2586572437704831e+01 1.6145548390692237e+01 0. 0. 0.</data></intrinsics_std>
</opencv_storage>
