<?xml version="1.0"?>
<opencv_storage>
<intrinsics_avg type_id="opencv-matrix">
  <rows>3</rows>
  <cols>3</cols>
  <dt>d</dt>
  <data>
    7.8366423261597595e+02 0. 3.7267695350412816e+02 0.
    7.7633345050394655e+02 2.3047684779432467e+02 0. 0. 1.</data></intrinsics_avg>
</opencv_storage>
