<?xml version="1.0"?>
<opencv_storage>
<intrinsics_avg type_id="opencv-matrix">
  <rows>3</rows>
  <cols>3</cols>
  <dt>d</dt>
  <data>
    1.5315745378075012e+03 0. 9.3846359850406418e+02 0.
    1.5356188610511167e+03 5.9131180243301003e+02 0. 0. 1.</data></intrinsics_avg>
</opencv_storage>
