<?xml version="1.0"?>
<opencv_storage>
<intrinsics_avg type_id="opencv-matrix">
  <rows>3</rows>
  <cols>3</cols>
  <dt>d</dt>
  <data>
    1.4909349111978072e+03 0. 9.7340615118058247e+02 0.
    1.5058102581357207e+03 6.0178736426068872e+02 0. 0. 1.</data></intrinsics_avg>
</opencv_storage>
