<?xml version="1.0"?>
<opencv_storage>
<rvec_std type_id="opencv-matrix">
  <rows>3</rows>
  <cols>1</cols>
  <dt>d</dt>
  <data>
    2.0108186888131787e-02 1.9408792200704787e-02 5.7226463171377454e-03</data></rvec_std>
</opencv_storage>
