<?xml version="1.0"?>
<opencv_storage>
<rvec_avg type_id="opencv-matrix">
  <rows>3</rows>
  <cols>1</cols>
  <dt>d</dt>
  <data>
    -3.9004610784597854e-01 -6.3396187839854720e-03
    1.4776895236165570e-02</data></rvec_avg>
</opencv_storage>
