<?xml version="1.0"?>
<opencv_storage>
<rvec_std type_id="opencv-matrix">
  <rows>3</rows>
  <cols>1</cols>
  <dt>d</dt>
  <data>
    4.2720670593311368e-02 3.1607513314220813e-02 2.1900525441720144e-02</data></rvec_std>
</opencv_storage>
