<?xml version="1.0"?>
<opencv_storage>
<rvec_avg type_id="opencv-matrix">
  <rows>3</rows>
  <cols>1</cols>
  <dt>d</dt>
  <data>
    -3.1937224002925196e-01 2.3433743237624025e-02
    -3.8167251363564671e-02</data></rvec_avg>
</opencv_storage>
