<?xml version="1.0"?>
<opencv_storage>
<rvec_std type_id="opencv-matrix">
  <rows>3</rows>
  <cols>1</cols>
  <dt>d</dt>
  <data>
    1.2826158332291289e-02 1.1211256844051710e-02 1.7600970358598515e-03</data></rvec_std>
</opencv_storage>
