<?xml version="1.0"?>
<opencv_storage>
<rvec_avg type_id="opencv-matrix">
  <rows>3</rows>
  <cols>1</cols>
  <dt>d</dt>
  <data>
    -4.6471707906975211e-02 -5.0650218335314967e-02
    1.4085682114768039e-02</data></rvec_avg>
</opencv_storage>
