<?xml version="1.0"?>
<opencv_storage>
<rvec_avg type_id="opencv-matrix">
  <rows>1</rows>
  <cols>3</cols>
  <dt>d</dt>
  <data>
    -2.3275722288759468e-01 6.6235623280839401e-02
    -4.7229840879267647e-02</data></rvec_avg>
</opencv_storage>
