<?xml version="1.0"?>
<opencv_storage>
<rvecs_avrg type_id="opencv-matrix">
  <rows>1</rows>
  <cols>3</cols>
  <dt>d</dt>
  <data>
    -4.0883713365420477e-01 -8.3237387140881566e-02
    -1.0088220274041626e-02</data></rvecs_avrg>
</opencv_storage>
