<?xml version="1.0"?>
<opencv_storage>
<rvecs_avrg type_id="opencv-matrix">
  <rows>1</rows>
  <cols>3</cols>
  <dt>d</dt>
  <data>
    -2.4839639718473616e-01 -4.5199502878616113e-02
    1.3444049363616720e-02</data></rvecs_avrg>
</opencv_storage>
