<?xml version="1.0"?>
<opencv_storage>
<rvec_std type_id="opencv-matrix">
  <rows>3</rows>
  <cols>1</cols>
  <dt>d</dt>
  <data>
    7.5258129229352384e-03 6.0097756673141234e-03 7.3668078636511571e-03</data></rvec_std>
</opencv_storage>
