<?xml version="1.0"?>
<opencv_storage>
<rvec_std type_id="opencv-matrix">
  <rows>3</rows>
  <cols>1</cols>
  <dt>d</dt>
  <data>
    4.7787995593569664e-03 1.9631851693698715e-02 2.3614505188519191e-03</data></rvec_std>
</opencv_storage>
