<?xml version="1.0"?>
<opencv_storage>
<rvec_std type_id="opencv-matrix">
  <rows>3</rows>
  <cols>1</cols>
  <dt>d</dt>
  <data>
    -4.4428985294883143e-02 -1.0208905271049183e-01
    3.9917269381287708e-02</data></rvec_std>
</opencv_storage>
