<?xml version="1.0"?>
<opencv_storage>
<rvec_std type_id="opencv-matrix">
  <rows>1</rows>
  <cols>3</cols>
  <dt>d</dt>
  <data>
    2.1070297024773064e-02 1.8093732646253032e-02 2.7106198540676127e-03</data></rvec_std>
</opencv_storage>
