<?xml version="1.0"?>
<opencv_storage>
<rvec_avg type_id="opencv-matrix">
  <rows>3</rows>
  <cols>1</cols>
  <dt>d</dt>
  <data>
    -4.7860578436162739e-02 4.8265018035054473e-02
    -1.0193079587491917e-02</data></rvec_avg>
</opencv_storage>
