<?xml version="1.0"?>
<opencv_storage>
<rvec_avg type_id="opencv-matrix">
  <rows>3</rows>
  <cols>1</cols>
  <dt>d</dt>
  <data>
    -1.3146375092382165e-01 5.6886729686224956e-02
    -1.8318750441110034e-03</data></rvec_avg>
</opencv_storage>
