<?xml version="1.0"?>
<opencv_storage>
<rvec_std type_id="opencv-matrix">
  <rows>3</rows>
  <cols>1</cols>
  <dt>d</dt>
  <data>
    9.5030545266093520e-03 3.2981330757099823e-02 5.3436200627461376e-03</data></rvec_std>
</opencv_storage>
