<?xml version="1.0"?>
<opencv_storage>
<rvec_avg type_id="opencv-matrix">
  <rows>3</rows>
  <cols>1</cols>
  <dt>d</dt>
  <data>
    -3.6971744130667678e-01 2.7825232199783612e-01
    1.0363510602651609e-01</data></rvec_avg>
</opencv_storage>
