<?xml version="1.0"?>
<opencv_storage>
<tvec_avg type_id="opencv-matrix">
  <rows>3</rows>
  <cols>1</cols>
  <dt>d</dt>
  <data>
    -1.7294206506588623e+02 -3.0907838373804680e+01
    9.4351373580702227e+02</data></tvec_avg>
</opencv_storage>
