<?xml version="1.0"?>
<opencv_storage>
<tvec_avg type_id="opencv-matrix">
  <rows>3</rows>
  <cols>1</cols>
  <dt>d</dt>
  <data>
    -3.7157430143177891e+01 -2.6435587425533089e+02
    1.2474422073532933e+03</data></tvec_avg>
</opencv_storage>
