<?xml version="1.0"?>
<opencv_storage>
<tvecs_avrg type_id="opencv-matrix">
  <rows>1</rows>
  <cols>3</cols>
  <dt>d</dt>
  <data>
    -2.7442185895520184e+00 2.3517124689475619e+01
    8.1320352972494689e+01</data></tvecs_avrg>
</opencv_storage>
