<?xml version="1.0"?>
<opencv_storage>
<tvec_avg type_id="opencv-matrix">
  <rows>3</rows>
  <cols>1</cols>
  <dt>d</dt>
  <data>
    -3.7637030138628023e+02 2.7812848630088615e+02
    1.7318207683740811e+03</data></tvec_avg>
</opencv_storage>
