<?xml version="1.0"?>
<opencv_storage>
<tvecs_std type_id="opencv-matrix">
  <rows>1</rows>
  <cols>3</cols>
  <dt>d</dt>
  <data>
    3.5208775853149542e-02 1.1195350980148032e-01 4.8682279396222168e-02</data></tvecs_std>
</opencv_storage>
