<?xml version="1.0"?>
<opencv_storage>
<tvecs_avrg type_id="opencv-matrix">
  <rows>1</rows>
  <cols>3</cols>
  <dt>d</dt>
  <data>
    -1.4702827875591262e+00 6.4090790187045510e+00
    7.2265252169363791e+01</data></tvecs_avrg>
</opencv_storage>
