<?xml version="1.0"?>
<opencv_storage>
<tvec_std type_id="opencv-matrix">
  <rows>1</rows>
  <cols>3</cols>
  <dt>d</dt>
  <data>
    1.1573108553720753e-01 5.8868292693101176e-01 2.8027330024473690e-01</data></tvec_std>
</opencv_storage>
