<?xml version="1.0"?>
<opencv_storage>
<tvec_avg type_id="opencv-matrix">
  <rows>3</rows>
  <cols>1</cols>
  <dt>d</dt>
  <data>
    -1.4624726029746159e+02 -5.5762989485973996e+01
    3.2921392361352559e+02</data></tvec_avg>
</opencv_storage>
