<?xml version="1.0"?>
<opencv_storage>
<tvec_std type_id="opencv-matrix">
  <rows>3</rows>
  <cols>1</cols>
  <dt>d</dt>
  <data>
    8.6860536220415359e+00 8.9811978501955050e+00 2.1531884122763194e+00</data></tvec_std>
</opencv_storage>
