<?xml version="1.0"?>
<opencv_storage>
<tvec_std type_id="opencv-matrix">
  <rows>3</rows>
  <cols>1</cols>
  <dt>d</dt>
  <data>
    1.2989822582762413e+01 4.3755957342937918e+01 1.0986429321387588e+02</data></tvec_std>
</opencv_storage>
