<?xml version="1.0"?>
<opencv_storage>
<tvec_std type_id="opencv-matrix">
  <rows>3</rows>
  <cols>1</cols>
  <dt>d</dt>
  <data>
    1.6672645715383054e+00 1.9162022334047894e+01 1.4193605879015122e+01</data></tvec_std>
</opencv_storage>
