<?xml version="1.0"?>
<opencv_storage>
<tvec_avg type_id="opencv-matrix">
  <rows>3</rows>
  <cols>1</cols>
  <dt>d</dt>
  <data>
    -1.1838021634589063e+02 -5.4135706046315100e+01
    3.6303270649190546e+02</data></tvec_avg>
</opencv_storage>
