<?xml version="1.0"?>
<opencv_storage>
<tvec_avg type_id="opencv-matrix">
  <rows>3</rows>
  <cols>1</cols>
  <dt>d</dt>
  <data>
    -2.2786439343761853e+02 9.8431689101389836e+01
    9.5619337494948661e+02</data></tvec_avg>
</opencv_storage>
