<?xml version="1.0"?>
<opencv_storage>
<tvec_std type_id="opencv-matrix">
  <rows>3</rows>
  <cols>1</cols>
  <dt>d</dt>
  <data>
    1.8715644324937264e+00 2.8177287983073107e+00 1.6306950451063120e+00</data></tvec_std>
</opencv_storage>
