<?xml version="1.0"?>
<opencv_storage>
<tvec_avg type_id="opencv-matrix">
  <rows>3</rows>
  <cols>1</cols>
  <dt>d</dt>
  <data>
    -4.0188146914609359e+02 -1.6977240192687955e+01
    1.7582188613389419e+03</data></tvec_avg>
</opencv_storage>
