<?xml version="1.0"?>
<opencv_storage>
<tvecs_avrg type_id="opencv-matrix">
  <rows>1</rows>
  <cols>3</cols>
  <dt>d</dt>
  <data>
    -4.0061905768354018e+00 -3.3375051180621722e+00
    9.5496365645445191e+00</data></tvecs_avrg>
</opencv_storage>
